2.369143e-10 2.440382e-10 2.329268e-10 2.409234e-10 2.417074e-10
2.504733e-10 2.579789e-10 2.462423e-10 2.546478e-10 2.555111e-10
2.647260e-10 2.726298e-10 2.602385e-10 2.690679e-10 2.700178e-10
2.796970e-10 2.880162e-10 2.749399e-10 2.842080e-10 2.852525e-10
2.954106e-10 3.041623e-10 2.903702e-10 3.000917e-10 3.012392e-10
3.118898e-10 3.210913e-10 3.065524e-10 3.167415e-10 3.180011e-10
3.291569e-10 3.388257e-10 3.235086e-10 3.341790e-10 3.355601e-10
3.472329e-10 3.573864e-10 3.412597e-10 3.524245e-10 3.539373e-10
3.661371e-10 3.767931e-10 3.598255e-10 3.714968e-10 3.731521e-10
3.858873e-10 3.970631e-10 3.792236e-10 3.914128e-10 3.932218e-10
4.064988e-10 4.182118e-10 3.994698e-10 4.121873e-10 4.141615e-10
4.279837e-10 4.402508e-10 4.205770e-10 4.338315e-10 4.359832e-10
4.503507e-10 4.631885e-10 4.425546e-10 4.563538e-10 4.586953e-10
4.736058e-10 4.870305e-10 4.654097e-10 4.797595e-10 4.823034e-10
4.977514e-10 5.117784e-10 4.891462e-10 5.040508e-10 5.068097e-10
5.227852e-10 5.374293e-10 5.137631e-10 5.292253e-10 5.322116e-10
5.486986e-10 5.639736e-10 5.392539e-10 5.552742e-10 5.584998e-10
5.754782e-10 5.913971e-10 5.656075e-10 5.821843e-10 5.856607e-10
6.031050e-10 6.196798e-10 5.928078e-10 6.099369e-10 6.136750e-10
6.315521e-10 6.487936e-10 6.208313e-10 6.385060e-10 6.425155e-10
6.607851e-10 6.787028e-10 6.496476e-10 6.678580e-10 6.721476e-10
6.907617e-10 7.093642e-10 6.792186e-10 6.979517e-10 7.025287e-10
7.214300e-10 7.407246e-10 7.094971e-10 7.287353e-10 7.336066e-10
7.527286e-10 7.727221e-10 7.404274e-10 7.601483e-10 7.653204e-10
7.845840e-10 8.052822e-10 7.719417e-10 7.921169e-10 7.975962e-10
8.169122e-10 8.383208e-10 8.039631e-10 8.245576e-10 8.303501e-10
8.496188e-10 8.717432e-10 8.364042e-10 8.573762e-10 8.634876e-10
8.825934e-10 9.054393e-10 8.691618e-10 8.904601e-10 8.968981e-10
9.157129e-10 9.392865e-10 9.021202e-10 9.236832e-10 9.304586e-10
9.488419e-10 9.731504e-10 9.351526e-10 9.569076e-10 9.640340e-10
9.818328e-10 1.006885e-09 9.681198e-10 9.899829e-10 9.974768e-10
1.014525e-09 1.040329e-09 1.000869e-09 1.022745e-09 1.030626e-09
1.046745e-09 1.073311e-09 1.033236e-09 1.055016e-09 1.063309e-09
1.078310e-09 1.105650e-09 1.065045e-09 1.086613e-09 1.095343e-09
1.109033e-09 1.137154e-09 1.096116e-09 1.117348e-09 1.126540e-09
1.138717e-09 1.167625e-09 1.126258e-09 1.147027e-09 1.156703e-09
1.167161e-09 1.196855e-09 1.155275e-09 1.175452e-09 1.185630e-09
1.194158e-09 1.224634e-09 1.182965e-09 1.202424e-09 1.213114e-09
1.219486e-09 1.250729e-09 1.209104e-09 1.227722e-09 1.238930e-09
1.242911e-09 1.274890e-09 1.233452e-09 1.251113e-09 1.262837e-09
1.264196e-09 1.296865e-09 1.255761e-09 1.272354e-09 1.284592e-09
1.283094e-09 1.316391e-09 1.275774e-09 1.291191e-09 1.303941e-09
1.299357e-09 1.333203e-09 1.293230e-09 1.307368e-09 1.320629e-09
1.312765e-09 1.347062e-09 1.307889e-09 1.320660e-09 1.334426e-09
1.323114e-09 1.357751e-09 1.319533e-09 1.330863e-09 1.345127e-09
1.330212e-09 1.365072e-09 1.327964e-09 1.337791e-09 1.352541e-09
1.333896e-09 1.368868e-09 1.333014e-09 1.341280e-09 1.356511e-09
1.334033e-09 1.369016e-09 1.334543e-09 1.341196e-09 1.356908e-09
1.330527e-09 1.365433e-09 1.332444e-09 1.337435e-09 1.353643e-09
1.323263e-09 1.358014e-09 1.326590e-09 1.329878e-09 1.346596e-09
1.312156e-09 1.346681e-09 1.316879e-09 1.318441e-09 1.335675e-09
1.297224e-09 1.331449e-09 1.303296e-09 1.303147e-09 1.320880e-09
1.278523e-09 1.312353e-09 1.285848e-09 1.284053e-09 1.302237e-09
1.256128e-09 1.289447e-09 1.264563e-09 1.261245e-09 1.279787e-09
1.230224e-09 1.262907e-09 1.239586e-09 1.234922e-09 1.253679e-09
1.201060e-09 1.232990e-09 1.211153e-09 1.205352e-09 1.224154e-09
1.168955e-09 1.200031e-09 1.179587e-09 1.172871e-09 1.191550e-09
1.134258e-09 1.164386e-09 1.145254e-09 1.137839e-09 1.156238e-09
1.097231e-09 1.126320e-09 1.108463e-09 1.100541e-09 1.118514e-09
1.058183e-09 1.086136e-09 1.069564e-09 1.061286e-09 1.078723e-09
1.017488e-09 1.044218e-09 1.028941e-09 1.020419e-09 1.037265e-09
9.756469e-10 1.001097e-09 9.871043e-10 9.784018e-10 9.946657e-10
9.331841e-10 9.573509e-10 9.445903e-10 9.357381e-10 9.514630e-10
8.905603e-10 9.134891e-10 9.018414e-10 8.928756e-10 9.080806e-10
8.481351e-10 8.698920e-10 8.591865e-10 8.501582e-10 8.648298e-10
8.061471e-10 8.268047e-10 8.168606e-10 8.078222e-10 8.219257e-10
7.648180e-10 7.844595e-10 7.751270e-10 7.661422e-10 7.796147e-10
7.243834e-10 7.430773e-10 7.342704e-10 7.254358e-10 7.381926e-10
6.850948e-10 7.028721e-10 6.945512e-10 6.859969e-10 6.979619e-10
6.470827e-10 6.639563e-10 6.561092e-10 6.479325e-10 6.591068e-10
6.103096e-10 6.263104e-10 6.189590e-10 6.111619e-10 6.216632e-10
5.747186e-10 5.898993e-10 5.830939e-10 5.755950e-10 5.856261e-10
5.404078e-10 5.548044e-10 5.486172e-10 5.413239e-10 5.510559e-10
5.074552e-10 5.210572e-10 5.155704e-10 5.084301e-10 5.179045e-10
4.757936e-10 4.885456e-10 4.838198e-10 4.768198e-10 4.859480e-10
4.452806e-10 4.571266e-10 4.531495e-10 4.462912e-10 4.549421e-10
4.159716e-10 4.268924e-10 4.235394e-10 4.168371e-10 4.249503e-10
3.879164e-10 3.979292e-10 3.950287e-10 3.884959e-10 3.960998e-10
3.609904e-10 3.701495e-10 3.675703e-10 3.612388e-10 3.683419e-10
3.350694e-10 3.434703e-10 3.411301e-10 3.350819e-10 3.416154e-10
3.102162e-10 3.179812e-10 3.157993e-10 3.101427e-10 3.160675e-10
2.865481e-10 2.937856e-10 2.916703e-10 2.864909e-10 2.918907e-10
2.640443e-10 2.708113e-10 2.687225e-10 2.640424e-10 2.690592e-10
2.428196e-10 2.491312e-10 2.471080e-10 2.428989e-10 2.476017e-10
2.230366e-10 2.288833e-10 2.270101e-10 2.231953e-10 2.275799e-10
2.047194e-10 2.100816e-10 2.084182e-10 2.049051e-10 2.089516e-10
1.878801e-10 1.927602e-10 1.913082e-10 1.880417e-10 1.917417e-10
1.724626e-10 1.769103e-10 1.756456e-10 1.726110e-10 1.759692e-10
1.582537e-10 1.623349e-10 1.612205e-10 1.584173e-10 1.614547e-10
1.451757e-10 1.489138e-10 1.478708e-10 1.453045e-10 1.480646e-10
1.331362e-10 1.365272e-10 1.355039e-10 1.331585e-10 1.356872e-10
1.219832e-10 1.250572e-10 1.240908e-10 1.219349e-10 1.242810e-10
1.116537e-10 1.144892e-10 1.136041e-10 1.116558e-10 1.138264e-10
1.021278e-10 1.047746e-10 1.039335e-10 1.022270e-10 1.042105e-10
9.344822e-11 9.588285e-11 9.506662e-11 9.356599e-11 9.536797e-11
8.555725e-11 8.775296e-11 8.698974e-11 8.561852e-11 8.724514e-11
7.834029e-11 8.032746e-11 7.963808e-11 7.837194e-11 7.982757e-11
7.172428e-11 7.354673e-11 7.291379e-11 7.177705e-11 7.309753e-11
6.570317e-11 6.738254e-11 6.676232e-11 6.576911e-11 6.698615e-11
6.024821e-11 6.179166e-11 6.117841e-11 6.030455e-11 6.142161e-11
5.528972e-11 5.670067e-11 5.612550e-11 5.533944e-11 5.635743e-11
5.076821e-11 5.205791e-11 5.152238e-11 5.081908e-11 5.173720e-11
4.665192e-11 4.783790e-11 4.732589e-11 4.670667e-11 4.753147e-11
4.291000e-11 4.400796e-11 4.351310e-11 4.296742e-11 4.372069e-11
3.951727e-11 4.052762e-11 4.005314e-11 3.956897e-11 4.026656e-11
3.643364e-11 3.736038e-11 3.691226e-11 3.648304e-11 3.711581e-11
3.362156e-11 3.448159e-11 3.405551e-11 3.367652e-11 3.424773e-11
3.106460e-11 3.186204e-11 3.145434e-11 3.111734e-11 3.164508e-11
2.873546e-11 2.947196e-11 2.908593e-11 2.878528e-11 2.926938e-11
2.660703e-11 2.729124e-11 2.692637e-11 2.665829e-11 2.710110e-11
2.466219e-11 2.529810e-11 2.495353e-11 2.471174e-11 2.512023e-11
2.288088e-11 2.347192e-11 2.314747e-11 2.292885e-11 2.330566e-11
2.124520e-11 2.179549e-11 2.149120e-11 2.129185e-11 2.164030e-11
1.974044e-11 2.025298e-11 1.996847e-11 1.978514e-11 2.010826e-11
1.835241e-11 1.883019e-11 1.856497e-11 1.839526e-11 1.869543e-11
1.706894e-11 1.751437e-11 1.726815e-11 1.710958e-11 1.738920e-11
1.587903e-11 1.629448e-11 1.606663e-11 1.591749e-11 1.617834e-11
1.477318e-11 1.516059e-11 1.495061e-11 1.480927e-11 1.505317e-11
1.374299e-11 1.410418e-11 1.391142e-11 1.377671e-11 1.400502e-11
1.278116e-11 1.311776e-11 1.294151e-11 1.281248e-11 1.302649e-11
1.188146e-11 1.219490e-11 1.203443e-11 1.191036e-11 1.211112e-11
1.103842e-11 1.133005e-11 1.118457e-11 1.106493e-11 1.125335e-11
1.024742e-11 1.051845e-11 1.038713e-11 1.027157e-11 1.044842e-11
9.504471e-12 9.756042e-12 9.638008e-12 9.526321e-12 9.692278e-12
8.806175e-12 9.039345e-12 8.933721e-12 8.825791e-12 8.981442e-12
8.149621e-12 8.365400e-12 8.271295e-12 8.167094e-12 8.312950e-12
7.532310e-12 7.731663e-12 7.648182e-12 7.547746e-12 7.684262e-12
6.952089e-12 7.135939e-12 7.062194e-12 6.965597e-12 7.093187e-12
6.407072e-12 6.576315e-12 6.511437e-12 6.418771e-12 6.537820e-12
5.895589e-12 6.051093e-12 5.994244e-12 5.905611e-12 6.016481e-12
5.416138e-12 5.558748e-12 5.509120e-12 5.424619e-12 5.527661e-12
4.967341e-12 5.097877e-12 5.054704e-12 4.974419e-12 5.069978e-12
4.547910e-12 4.667167e-12 4.629733e-12 4.553724e-12 4.642142e-12
4.156614e-12 4.265362e-12 4.233002e-12 4.161305e-12 4.242923e-12
3.792262e-12 3.891245e-12 3.863347e-12 3.795967e-12 3.871129e-12
3.453685e-12 3.543618e-12 3.519625e-12 3.456535e-12 3.525586e-12
3.139728e-12 3.221294e-12 3.200703e-12 3.141846e-12 3.205131e-12
2.849234e-12 2.923085e-12 2.905449e-12 2.850736e-12 2.908600e-12
2.581052e-12 2.647805e-12 2.632725e-12 2.582042e-12 2.634826e-12
2.334027e-12 2.394267e-12 2.381391e-12 2.334600e-12 2.382641e-12
2.107009e-12 2.161285e-12 2.150304e-12 2.107247e-12 2.150874e-12
1.898850e-12 1.947676e-12 1.938322e-12 1.898825e-12 1.938358e-12
1.708414e-12 1.752270e-12 1.744311e-12 1.708187e-12 1.743936e-12
1.534579e-12 1.573913e-12 1.567147e-12 1.534203e-12 1.566465e-12
1.376246e-12 1.411474e-12 1.405727e-12 1.375764e-12 1.404823e-12
1.232342e-12 1.263846e-12 1.258969e-12 1.231788e-12 1.257913e-12
1.101825e-12 1.129961e-12 1.125826e-12 1.101228e-12 1.124673e-12
9.836914e-13 1.008784e-12 1.005282e-12 9.830725e-13 1.004077e-12
8.769773e-13 8.993266e-13 8.963620e-13 8.763540e-13 8.951414e-13
7.807634e-13 8.006433e-13 7.981363e-13 7.801485e-13 7.969268e-13
