7.678504e-16 7.073124e-16 5.159562e-16 5.566544e-16 1.091726e-15
8.611489e-16 7.931566e-16 5.784962e-16 6.239837e-16 1.224134e-15
9.653471e-16 8.890108e-16 6.483174e-16 6.991274e-16 1.371967e-15
1.081639e-15 9.959681e-16 7.262140e-16 7.829336e-16 1.536909e-15
1.211335e-15 1.115228e-15 8.130568e-16 8.763320e-16 1.720805e-15
1.355868e-15 1.248099e-15 9.097970e-16 9.803377e-16 1.925674e-15
1.516805e-15 1.396017e-15 1.017476e-15 1.096061e-15 2.153720e-15
1.695863e-15 1.560546e-15 1.137231e-15 1.224714e-15 2.407356e-15
1.894911e-15 1.743394e-15 1.270303e-15 1.367617e-15 2.689209e-15
2.115984e-15 1.946419e-15 1.418042e-15 1.526208e-15 3.002139e-15
2.361292e-15 2.171635e-15 1.581912e-15 1.702044e-15 3.349248e-15
2.633227e-15 2.421220e-15 1.763498e-15 1.896810e-15 3.733892e-15
2.934371e-15 2.697524e-15 1.964511e-15 2.112325e-15 4.159691e-15
3.267519e-15 3.003090e-15 2.186804e-15 2.350559e-15 4.630565e-15
3.635691e-15 3.340661e-15 2.432378e-15 2.613639e-15 5.150745e-15
4.042130e-15 3.713180e-15 2.703384e-15 2.903851e-15 5.724776e-15
4.490297e-15 4.123787e-15 3.002118e-15 3.223639e-15 6.357503e-15
4.983902e-15 4.575842e-15 3.331044e-15 3.575623e-15 7.054122e-15
5.526907e-15 5.072934e-15 3.692798e-15 3.962606e-15 7.820185e-15
6.123510e-15 5.618856e-15 4.090176e-15 4.387566e-15 8.661572e-15
6.778141e-15 6.217616e-15 4.526135e-15 4.853650e-15 9.584493e-15
7.495465e-15 6.873426e-15 5.003794e-15 5.364176e-15 1.059549e-14
8.280344e-15 7.590679e-15 5.526412e-15 5.922608e-15 1.170138e-14
9.137821e-15 8.373937e-15 6.097381e-15 6.532541e-15 1.290925e-14
1.007300e-14 9.227821e-15 6.720144e-15 7.197607e-15 1.422627e-14
1.109112e-14 1.015708e-14 7.398246e-15 7.921533e-15 1.565981e-14
1.219751e-14 1.116655e-14 8.135325e-15 8.708135e-15 1.721739e-14
1.339721e-14 1.226086e-14 8.934830e-15 9.560964e-15 1.890612e-14
1.469507e-14 1.344446e-14 9.800092e-15 1.048339e-14 2.073286e-14
1.609575e-14 1.472167e-14 1.073436e-14 1.147865e-14 2.270421e-14
1.760357e-14 1.609656e-14 1.174067e-14 1.254971e-14 2.482636e-14
1.922237e-14 1.757280e-14 1.282180e-14 1.369918e-14 2.710482e-14
2.095539e-14 1.915354e-14 1.398012e-14 1.492916e-14 2.954428e-14
2.280545e-14 2.084162e-14 1.521778e-14 1.624151e-14 3.214893e-14
2.477524e-14 2.263977e-14 1.653693e-14 1.763809e-14 3.492281e-14
2.686711e-14 2.455038e-14 1.793950e-14 1.912063e-14 3.786958e-14
2.908300e-14 2.657548e-14 1.942725e-14 2.069070e-14 4.099236e-14
3.142435e-14 2.871671e-14 2.100163e-14 2.234955e-14 4.429369e-14
3.389064e-14 3.097372e-14 2.266272e-14 2.409705e-14 4.777323e-14
3.647899e-14 3.334383e-14 2.440885e-14 2.593131e-14 5.142712e-14
3.918404e-14 3.582211e-14 2.623663e-14 2.784840e-14 5.524797e-14
4.199702e-14 3.840041e-14 2.814021e-14 2.984173e-14 5.922342e-14
4.490622e-14 4.106779e-14 3.011173e-14 3.190252e-14 6.333693e-14
4.789945e-14 4.381257e-14 3.214280e-14 3.402184e-14 6.757116e-14
5.096429e-14 4.662286e-14 3.422505e-14 3.619099e-14 7.190873e-14
5.408752e-14 4.948648e-14 3.635004e-14 3.840098e-14 7.633190e-14
5.725564e-14 5.239154e-14 3.850934e-14 4.064264e-14 8.082296e-14
6.045262e-14 5.532429e-14 4.069279e-14 4.290447e-14 8.536073e-14
6.366027e-14 5.826918e-14 4.288869e-14 4.517292e-14 8.992110e-14
6.685384e-14 6.120492e-14 4.508084e-14 4.742975e-14 9.447025e-14
7.000714e-14 6.410836e-14 4.725189e-14 4.965629e-14 9.897177e-14
7.309811e-14 6.695900e-14 4.938626e-14 5.183719e-14 1.033937e-13
7.610046e-14 6.973103e-14 5.146416e-14 5.395363e-14 1.076960e-13
7.898268e-14 7.239302e-14 5.346135e-14 5.598283e-14 1.118290e-13
8.172226e-14 7.492245e-14 5.535967e-14 5.790899e-14 1.157554e-13
8.430764e-14 7.730812e-14 5.714980e-14 5.972505e-14 1.194555e-13
8.673601e-14 7.954754e-14 5.882936e-14 6.143002e-14 1.229249e-13
8.900364e-14 8.163738e-14 6.039634e-14 6.302212e-14 1.261592e-13
9.108813e-14 8.355558e-14 6.183760e-14 6.448724e-14 1.291287e-13
9.296333e-14 8.527525e-14 6.313705e-14 6.580770e-14 1.317989e-13
9.461031e-14 8.677712e-14 6.428232e-14 6.696842e-14 1.341455e-13
9.604226e-14 8.807508e-14 6.528350e-14 6.797667e-14 1.361917e-13
9.729202e-14 8.920473e-14 6.616417e-14 6.885436e-14 1.379869e-13
9.838625e-14 9.019719e-14 6.694046e-14 6.961900e-14 1.395649e-13
9.932908e-14 9.105963e-14 6.761091e-14 7.027133e-14 1.409221e-13
1.001028e-13 9.177767e-14 6.816134e-14 7.079750e-14 1.420270e-13
1.007015e-13 9.234830e-14 6.858979e-14 7.119742e-14 1.428726e-13
1.011406e-13 9.278324e-14 6.890937e-14 7.148999e-14 1.434878e-13
1.014558e-13 9.310641e-14 6.914188e-14 7.170591e-14 1.439269e-13
1.016617e-13 9.332473e-14 6.929513e-14 7.185342e-14 1.442168e-13
1.017232e-13 9.340723e-14 6.935053e-14 7.190226e-14 1.443234e-13
1.015936e-13 9.331399e-14 6.928404e-14 7.181446e-14 1.441967e-13
1.012963e-13 9.306479e-14 6.911645e-14 7.160769e-14 1.438711e-13
1.008668e-13 9.268627e-14 6.887231e-14 7.131259e-14 1.433773e-13
1.002775e-13 9.214616e-14 6.852772e-14 7.091025e-14 1.426420e-13
9.946792e-14 9.138903e-14 6.803150e-14 7.034907e-14 1.415510e-13
9.847288e-14 9.045045e-14 6.739102e-14 6.963802e-14 1.401461e-13
9.734656e-14 8.938451e-14 6.663433e-14 6.880531e-14 1.385159e-13
9.606038e-14 8.817430e-14 6.574855e-14 6.784199e-14 1.366286e-13
9.456588e-14 8.678919e-14 6.471410e-14 6.674100e-14 1.344203e-13
9.289658e-14 8.526948e-14 6.356311e-14 6.554317e-14 1.319650e-13
9.111373e-14 8.366470e-14 6.233736e-14 6.428766e-14 1.293927e-13
8.918407e-14 8.192726e-14 6.101609e-14 6.294003e-14 1.266825e-13
8.715380e-14 8.008954e-14 5.963547e-14 6.153072e-14 1.238883e-13
8.512118e-14 7.823901e-14 5.826244e-14 6.012042e-14 1.211067e-13
8.310647e-14 7.638901e-14 5.689884e-14 5.870645e-14 1.183103e-13
8.114928e-14 7.457354e-14 5.556238e-14 5.731677e-14 1.155240e-13
7.928122e-14 7.283612e-14 5.428605e-14 5.599510e-14 1.128182e-13
7.742236e-14 7.111971e-14 5.302336e-14 5.469281e-14 1.101265e-13
7.557926e-14 6.942324e-14 5.175135e-14 5.338453e-14 1.074567e-13
7.375909e-14 6.774336e-14 5.046839e-14 5.206336e-14 1.048096e-13
7.192430e-14 6.605105e-14 4.919028e-14 5.074232e-14 1.021903e-13
7.009793e-14 6.438594e-14 4.795056e-14 4.947685e-14 9.966119e-14
6.829942e-14 6.275732e-14 4.673155e-14 4.825278e-14 9.718576e-14
6.660052e-14 6.119037e-14 4.555384e-14 4.706331e-14 9.476621e-14
6.500118e-14 5.968898e-14 4.443132e-14 4.590783e-14 9.240256e-14
6.345904e-14 5.825972e-14 4.336353e-14 4.480642e-14 9.014339e-14
6.196215e-14 5.689086e-14 4.233922e-14 4.376396e-14 8.802871e-14
6.054685e-14 5.558879e-14 4.135387e-14 4.277536e-14 8.603740e-14
5.922800e-14 5.436895e-14 4.042538e-14 4.184235e-14 8.414836e-14
5.798605e-14 5.322181e-14 3.956515e-14 4.096495e-14 8.236386e-14
5.681268e-14 5.213694e-14 3.875317e-14 4.013903e-14 8.067171e-14
5.571699e-14 5.112238e-14 3.798698e-14 3.936982e-14 7.908657e-14
5.469487e-14 5.018480e-14 3.727494e-14 3.865517e-14 7.762751e-14
5.375423e-14 4.931670e-14 3.661756e-14 3.799033e-14 7.628820e-14
5.288660e-14 4.850949e-14 3.601056e-14 3.737755e-14 7.503171e-14
5.207622e-14 4.776631e-14 3.544896e-14 3.681436e-14 7.386470e-14
5.133253e-14 4.708215e-14 3.493057e-14 3.629097e-14 7.280483e-14
5.064726e-14 4.644800e-14 3.445286e-14 3.580759e-14 7.181876e-14
5.000851e-14 4.586155e-14 3.401116e-14 3.536186e-14 7.090371e-14
4.941481e-14 4.531596e-14 3.360101e-14 3.494443e-14 7.005577e-14
4.885758e-14 4.480408e-14 3.321715e-14 3.455293e-14 6.925960e-14
4.832853e-14 4.431942e-14 3.285493e-14 3.418156e-14 6.850659e-14
4.782078e-14 4.385467e-14 3.250897e-14 3.382421e-14 6.778544e-14
4.732616e-14 4.340287e-14 3.217371e-14 3.347614e-14 6.708497e-14
4.683702e-14 4.295657e-14 3.184397e-14 3.313124e-14 6.639436e-14
4.634570e-14 4.250894e-14 3.151433e-14 3.278450e-14 6.570229e-14
4.584495e-14 4.205305e-14 3.117978e-14 3.243054e-14 6.499881e-14
4.532793e-14 4.158263e-14 3.083550e-14 3.206474e-14 6.427369e-14
4.478835e-14 4.109177e-14 3.047701e-14 3.168257e-14 6.351806e-14
4.422069e-14 4.057523e-14 3.010033e-14 3.128011e-14 6.272359e-14
4.362000e-14 4.002838e-14 2.970192e-14 3.085392e-14 6.188306e-14
4.298220e-14 3.944741e-14 2.927881e-14 3.040115e-14 6.099042e-14
4.230408e-14 3.882923e-14 2.882854e-14 2.991952e-14 6.004084e-14
4.158329e-14 3.817162e-14 2.834934e-14 2.940741e-14 5.903070e-14
4.081836e-14 3.747319e-14 2.784001e-14 2.886383e-14 5.795769e-14
4.000876e-14 3.673338e-14 2.729999e-14 2.828845e-14 5.682081e-14
3.915481e-14 3.595248e-14 2.672933e-14 2.768151e-14 5.562028e-14
3.825765e-14 3.513152e-14 2.612864e-14 2.704389e-14 5.435755e-14
3.731919e-14 3.427227e-14 2.549911e-14 2.637700e-14 5.303520e-14
3.634203e-14 3.337714e-14 2.484240e-14 2.568272e-14 5.165684e-14
3.532939e-14 3.244910e-14 2.416061e-14 2.496339e-14 5.022696e-14
3.428500e-14 3.149163e-14 2.345624e-14 2.422170e-14 4.875086e-14
3.321300e-14 3.050857e-14 2.273208e-14 2.346065e-14 4.723446e-14
3.211786e-14 2.950406e-14 2.199116e-14 2.268345e-14 4.568414e-14
3.100429e-14 2.848245e-14 2.123671e-14 2.189345e-14 4.410666e-14
2.987711e-14 2.744820e-14 2.047204e-14 2.109411e-14 4.250894e-14
2.874118e-14 2.640580e-14 1.970052e-14 2.028889e-14 4.089799e-14
2.760132e-14 2.535969e-14 1.892547e-14 1.948122e-14 3.928073e-14
2.646222e-14 2.431420e-14 1.815016e-14 1.867442e-14 3.766391e-14
2.532839e-14 2.327347e-14 1.737773e-14 1.787168e-14 3.605403e-14
2.420411e-14 2.224143e-14 1.661115e-14 1.707601e-14 3.445720e-14
2.309334e-14 2.122173e-14 1.585320e-14 1.629020e-14 3.287914e-14
2.199975e-14 2.021773e-14 1.510645e-14 1.551681e-14 3.132510e-14
2.092665e-14 1.923247e-14 1.437320e-14 1.475816e-14 2.979983e-14
1.987699e-14 1.826866e-14 1.365554e-14 1.401631e-14 2.830756e-14
1.885335e-14 1.732867e-14 1.295528e-14 1.329306e-14 2.685200e-14
1.785795e-14 1.641455e-14 1.227399e-14 1.258995e-14 2.543634e-14
1.689265e-14 1.552800e-14 1.161298e-14 1.190827e-14 2.406323e-14
1.595895e-14 1.467041e-14 1.097332e-14 1.124905e-14 2.273487e-14
